(base) mmvc@a1-ml-lt-06:~/Uttam_mishra$ cd ..
(base) mmvc@a1-ml-lt-06:~$ clear






















(base) mmvc@a1-ml-lt-06:~$ cd Uttam_mishra/
(base) mmvc@a1-ml-lt-06:~/Uttam_mishra$ python3 neural_network_ukm202.py 
The shape of the digits dataset:
(1797, 64)
[0] 

Before Scaling: 

[ 0.  0.  5. 13.  9.  1.  0.  0.  0.  0. 13. 15. 10. 15.  5.  0.  0.  3.
 15.  2.  0. 11.  8.  0.  0.  4. 12.  0.  0.  8.  8.  0.  0.  5.  8.  0.
  0.  9.  8.  0.  0.  4. 11.  0.  1. 12.  7.  0.  0.  2. 14.  5. 10. 12.
  0.  0.  0.  0.  6. 13. 10.  0.  0.  0.]
After Scaling: 

[ 0.         -0.33501649 -0.04308102  0.27407152 -0.66447751 -0.84412939
 -0.40972392 -0.12502292 -0.05907756 -0.62400926  0.4829745   0.75962245
 -0.05842586  1.12772113  0.87958306 -0.13043338 -0.04462507  0.11144272
  0.89588044 -0.86066632 -1.14964846  0.51547187  1.90596347 -0.11422184
 -0.03337973  0.48648928  0.46988512 -1.49990136 -1.61406277  0.07639777
  1.54181413 -0.04723238  0.          0.76465553  0.05263019 -1.44763006
 -1.73666443  0.04361588  1.43955804  0.         -0.06134367  0.8105536
  0.63011714 -1.12245711 -1.06623158  0.66096475  0.81845076 -0.08874162
 -0.03543326  0.74211893  1.15065212 -0.86867056  0.11012973  0.53761116
 -0.75743581 -0.20978513 -0.02359646 -0.29908135  0.08671869  0.20829258
 -0.36677122 -1.14664746 -0.5056698  -0.19600752]
[[1. 0. 0. ... 0. 0. 0.]
 [0. 1. 0. ... 0. 0. 0.]
 [0. 0. 1. ... 0. 0. 0.]
 ...
 [0. 0. 0. ... 0. 1. 0.]
 [0. 0. 0. ... 0. 0. 1.]
 [0. 0. 0. ... 0. 1. 0.]]
[9 7 8 1]
[[0. 0. 0. 0. 0. 0. 0. 0. 0. 1.]
 [0. 0. 0. 0. 0. 0. 0. 1. 0. 0.]
 [0. 0. 0. 0. 0. 0. 0. 0. 1. 0.]
 [0. 1. 0. 0. 0. 0. 0. 0. 0. 0.]]
Starting gradient descent for 3000 iterations
alpha 0.25
Iteration 0 of 3000
Iteration 1000 of 3000
Iteration 2000 of 3000
Prediction accuracy is 87.76077885952712%
(base) mmvc@a1-ml-lt-06:~/Uttam_mishra$ python3 neural_network_ukm202_tanh.py 
The shape of the digits dataset:
(1797, 64)
[0] 

Before Scaling: 

[ 0.  0.  5. 13.  9.  1.  0.  0.  0.  0. 13. 15. 10. 15.  5.  0.  0.  3.
 15.  2.  0. 11.  8.  0.  0.  4. 12.  0.  0.  8.  8.  0.  0.  5.  8.  0.
  0.  9.  8.  0.  0.  4. 11.  0.  1. 12.  7.  0.  0.  2. 14.  5. 10. 12.
  0.  0.  0.  0.  6. 13. 10.  0.  0.  0.]
After Scaling: 

[ 0.         -0.33501649 -0.04308102  0.27407152 -0.66447751 -0.84412939
 -0.40972392 -0.12502292 -0.05907756 -0.62400926  0.4829745   0.75962245
 -0.05842586  1.12772113  0.87958306 -0.13043338 -0.04462507  0.11144272
  0.89588044 -0.86066632 -1.14964846  0.51547187  1.90596347 -0.11422184
 -0.03337973  0.48648928  0.46988512 -1.49990136 -1.61406277  0.07639777
  1.54181413 -0.04723238  0.          0.76465553  0.05263019 -1.44763006
 -1.73666443  0.04361588  1.43955804  0.         -0.06134367  0.8105536
  0.63011714 -1.12245711 -1.06623158  0.66096475  0.81845076 -0.08874162
 -0.03543326  0.74211893  1.15065212 -0.86867056  0.11012973  0.53761116
 -0.75743581 -0.20978513 -0.02359646 -0.29908135  0.08671869  0.20829258
 -0.36677122 -1.14664746 -0.5056698  -0.19600752]
[[1. 0. 0. ... 0. 0. 0.]
 [0. 1. 0. ... 0. 0. 0.]
 [0. 0. 1. ... 0. 0. 0.]
 ...
 [0. 0. 0. ... 0. 1. 0.]
 [0. 0. 0. ... 0. 0. 1.]
 [0. 0. 0. ... 0. 1. 0.]]
[0 3 6 9]
[[1. 0. 0. 0. 0. 0. 0. 0. 0. 0.]
 [0. 0. 0. 1. 0. 0. 0. 0. 0. 0.]
 [0. 0. 0. 0. 0. 0. 1. 0. 0. 0.]
 [0. 0. 0. 0. 0. 0. 0. 0. 0. 1.]]
Starting gradient descent for 3000 iterations
alpha 0.25
Iteration 0 of 3000
Iteration 1000 of 3000
Iteration 2000 of 3000
Prediction accuracy is 86.09179415855354%
(base) mmvc@a1-ml-lt-06:~/Uttam_mishra$ python3 neural_network_ukm202_RELU.py 
The shape of the digits dataset:
(1797, 64)
[0] 

Before Scaling: 

[ 0.  0.  5. 13.  9.  1.  0.  0.  0.  0. 13. 15. 10. 15.  5.  0.  0.  3.
 15.  2.  0. 11.  8.  0.  0.  4. 12.  0.  0.  8.  8.  0.  0.  5.  8.  0.
  0.  9.  8.  0.  0.  4. 11.  0.  1. 12.  7.  0.  0.  2. 14.  5. 10. 12.
  0.  0.  0.  0.  6. 13. 10.  0.  0.  0.]
After Scaling: 

[ 0.         -0.33501649 -0.04308102  0.27407152 -0.66447751 -0.84412939
 -0.40972392 -0.12502292 -0.05907756 -0.62400926  0.4829745   0.75962245
 -0.05842586  1.12772113  0.87958306 -0.13043338 -0.04462507  0.11144272
  0.89588044 -0.86066632 -1.14964846  0.51547187  1.90596347 -0.11422184
 -0.03337973  0.48648928  0.46988512 -1.49990136 -1.61406277  0.07639777
  1.54181413 -0.04723238  0.          0.76465553  0.05263019 -1.44763006
 -1.73666443  0.04361588  1.43955804  0.         -0.06134367  0.8105536
  0.63011714 -1.12245711 -1.06623158  0.66096475  0.81845076 -0.08874162
 -0.03543326  0.74211893  1.15065212 -0.86867056  0.11012973  0.53761116
 -0.75743581 -0.20978513 -0.02359646 -0.29908135  0.08671869  0.20829258
 -0.36677122 -1.14664746 -0.5056698  -0.19600752]
[[1. 0. 0. ... 0. 0. 0.]
 [0. 1. 0. ... 0. 0. 0.]
 [0. 0. 1. ... 0. 0. 0.]
 ...
 [0. 0. 0. ... 0. 1. 0.]
 [0. 0. 0. ... 0. 0. 1.]
 [0. 0. 0. ... 0. 1. 0.]]
[8 2 7 9]
[[0. 0. 0. 0. 0. 0. 0. 0. 1. 0.]
 [0. 0. 1. 0. 0. 0. 0. 0. 0. 0.]
 [0. 0. 0. 0. 0. 0. 0. 1. 0. 0.]
 [0. 0. 0. 0. 0. 0. 0. 0. 0. 1.]]
Starting gradient descent for 3000 iterations
alpha 0.25
Iteration 0 of 3000
Iteration 1000 of 3000
Iteration 2000 of 3000
Prediction accuracy is 10.013908205841446%
(base) mmvc@a1-ml-lt-06:~/Uttam_mishra$ 
